10
0 1 12
0 2 15
0 3 17
0 4 65
0 5 32
0 6 47
0 7 89
0 8 12
0 9 32
0 10 14
1 0 20
1 2 357
1 3 41
1 4 49
1 5 12
1 6 925
1 7 74
1 8 123
1 9 964
1 10 74
2 0 89
2 1 63
2 3 41
2 4 47
2 5 58
2 6 56
2 7 23
2 8 14
2 9 78
2 10 79
3 0 41
3 1 13
3 2 14
3 4 17
3 5 13
3 6 16
3 7 17
3 8 10
3 9 15
3 10 69
4 0 154
4 1 10
4 2 321
4 3 14
4 5 87
4 6 79
4 7 63
4 8 33
4 9 21
4 10 20
5 0 18
5 1 65
5 2 86
5 3 97
5 4 120
5 6 132
5 7 14
5 8 89
5 9 41
5 10 103
6 0 46
6 1 78
6 2 98
6 3 74
6 4 46
6 5 47
6 7 14
6 8 13
6 9 14
6 10 3
7 0 17
7 1 18
7 2 96
7 3 35
7 4 14
7 5 69
7 6 74
7 8 12
7 9 32
7 10 20
8 0 11
8 1 13
8 2 14
8 3 45
8 4 46
8 5 74
8 6 12
8 7 3
8 9 54
8 10 2
9 0 45
9 1 36
9 2 98
9 3 41
9 4 12
9 5 32
9 6 6
9 7 78
9 8 8
9 10 961
10 0 32
10 1 11
10 2 23
10 3 12
10 4 33
10 5 25
10 6 58
10 7 28
10 8 26
10 9 41